shard_00,57.00,84.00,119.00,124.00
shard_01,186.50,128.50,232.00,245.00
shard_02,20.50,93.50,110.00,115.00
shard_03,59.50,230.50,208.00,179.00
shard_04,-49.00,93.50,103.00,115.00
shard_05,-144.00,206.00,229.00,228.00
shard_06,-49.00,58.50,103.00,77.00
shard_07,-196.50,64.50,212.00,179.00
shard_08,-46.50,-15.50,98.00,113.00
shard_09,-161.50,-144.50,282.00,339.00
shard_10,13.00,-15.00,77.00,112.00
shard_11,64.50,-182.00,334.00,276.00
shard_12,57.00,-4.00,119.00,90.00
shard_13,174.50,-75.50,256.00,205.00